Hour		0	1	2	3	4	5	6	7	8	22	23	
Multiplier	0.6	0.8	1.0	1.2	1.0	0.8	0.6	0.4	0.2	0.2	0.4	
----------------------------------------------------------------------------------------------------
dart-music	20.58	5.76	1.65	0.41	0.00	0.00	0.82	4.94	0.41	0.00	0.00	
dart-pong	0.74	2.94	3.68	0.00	0.00	0.00	0.00	2.21	0.74	0.00	0.00	
Dart-TODO	0.00	0.00	0.00	0.00	0.00	0.00	0.00	0.00	0.00	0.00	0.00	
DartReader	0.00	1.25	3.75	0.00	0.00	0.00	0.00	0.00	0.00	0.00	15.00	
DartTwitterWall	0.00	0.00	0.00	0.00	0.00	0.00	0.00	0.00	0.00	0.00	0.00	
jigsaw-puzzle	0.00	0.00	0.00	0.00	0.00	0.00	0.00	0.00	0.00	0.00	0.00	
ships	0.00	0.00	0.00	0.00	0.00	0.00	0.00	0.00	0.00	0.00	0.00	
