----------------------------------------------------------------------------------------------------	
dart-music	14.71	5.49	1.96	0.59	0.0	0.0	0.59	2.35	0.1	0.0	0.0	 | 25.78
dart-pong	0.53	2.81	4.39	0.0	0.0	0.0	0.0	1.05	0.18	0.0	0.0	 | 8.95
Dart-TODO	0.0	0.0	0.0	0.0	0.0	0.0	0.0	0.0	0.0	0.0	0.0	 | 0.0
DartReader	0.0	1.35	5.08	0.0	0.0	0.0	0.0	0.0	0.0	0.0	0.0	 | 6.43
DartTwitterWall	0.0	0.0	0.0	0.0	0.0	0.0	0.0	0.0	0.0	0.0	0.0	 | 0.0
jigsaw-puzzle	0.0	0.0	0.0	0.0	0.0	0.0	0.0	0.0	0.0	0.0	0.0	 | 0.0
ships		0.0	0.0	0.0	0.0	0.0	0.0	0.0	0.0	0.0	0.0	0.0	 | 0.0
----------------------------------------------------------------------------------------------------
dart-music	| 25.78
dart-pong	| 8.95
Dart-TODO	| 0.0
DartReader	| 6.43
DartTwitterWall	| 0.0
jigsaw-puzzle	| 0.0
ships		| 0.0
----------------------------------------------------------------------------------------------------
Winner is dart-music with 25.78 points!
